# We need some documentation for this file.
# Did it come from Felipe?
{1: [[-0.45778384629488372, 0.98410157378127883],
     [-0.45828909318446914, 0.83476848057903796],
     [-0.15912774420066531, 0.83445513530000281],
     [-0.15868302805568274, 0.98362578080929597]],
 3: [[0.16320657012750425, 0.98300684547545536],
     [0.16289957974452132, 0.83384248837987918],
     [0.46203365672761143, 0.83282590039447491],
     [0.46228868774584231, 0.98214701477337762]],
 4: [[-0.61347351269140304, 0.82016562358851464],
     [-0.61407794542401273, 0.67080363376837349],
     [-0.31501649655480596, 0.67060804315846712],
     [-0.31444329463079218, 0.81987264248047043]],
 5: [[-0.30312266855018838, 0.81991657890076119],
     [-0.30362590145102258, 0.67065903838575802],
     [-0.0041470197361652365, 0.6703237334414287],
     [-0.0038271138522912081, 0.8195727248288559]],
 6: [[0.0075607422638477376, 0.8195127203899919],
     [0.0071396991103752083, 0.67026636287353902],
     [0.30660428848991955, 0.66931652084671844],
     [0.30685154579798229, 0.81857385913555736]],
 7: [[0.31804576310285759, 0.81854413121146863],
     [0.31786866593594615, 0.66928583892379145],
     [0.6168904962397378, 0.66818669850477408],
     [0.61703403282415648, 0.81752758941319781]],
 8: [[-0.76911405892376583, 0.65595059672885969],
     [-0.76964727006834932, 0.50649477127732434],
     [-0.47083157914063706, 0.5064661302602157],
     [-0.47026561551723062, 0.65591044243943519]],
 9: [[-0.45892424088841871, 0.6560528203245054],
     [-0.45963156196823723, 0.50661436291472828],
     [-0.1601777297719704, 0.50612531749390421],
     [-0.15961709643592034, 0.65560963382883419]],
 10: [[-0.14836936418268282, 0.65558197450339517],
      [-0.14881886348659853, 0.5060961304067455],
      [0.15092656460772319, 0.50549178165261877],
      [0.15119317715346964, 0.65497485784171161]],
 11: [[0.16245162805990651, 0.65501675037789819],
      [0.1621473881137159, 0.50553522842592791],
      [0.46157866235063871, 0.5045156350711133],
      [0.4617355387348378, 0.65394881531128357]],
 12: [[0.47313319894186434, 0.65387533574627332],
      [0.47295024417396553, 0.5044362417815007],
      [0.77173056378769, 0.50321421728876303],
      [0.77193371556416746, 0.65264994547178878]],
 13: [[-0.9247479065777563, 0.49178251052981947],
      [-0.92526337475201381, 0.34224590894852225],
      [-0.62671469965411875, 0.34196674163875534],
      [-0.62609642566972268, 0.49154941272951774]],
 14: [[-0.61493519806383956, 0.49178900613772247],
      [-0.61556603955480893, 0.34220153984212914],
      [-0.31633494870089751, 0.34185855892634642],
      [-0.31578938348532137, 0.49155294501944791]],
 15: [[-0.30438214565242622, 0.49165829733845318],
      [-0.30489357210910301, 0.34195968538011301],
      [-0.0050637838972655081, 0.34146338579900654],
      [-0.0046944848708372249, 0.49120499715853744]],
 16: [[0.0066389799983192594, 0.49091993331747863],
      [0.0062978510147855089, 0.34118150397720481],
      [0.30611392550609029, 0.34049339992497429],
      [0.3063166095368095, 0.49018253104625331]],
 17: [[0.31770076139879749, 0.49031819098711471],
      [0.31740945906980528, 0.34063619629053288],
      [0.61661039993470368, 0.33955181282154923],
      [0.61680965911639651, 0.48911973368462708]],
 18: [[0.62825150125011053, 0.48898594787231398],
      [0.62815626212652431, 0.33940972120973339],
      [0.92665605608196522, 0.33849898261716677],
      [0.92684535261925982, 0.48801653297014619]],
 19: [[-0.92519669615686739, 0.32765941297848439],
      [-0.92566797178916882, 0.17807999493665891],
      [-0.62716670981126665, 0.17772644842636764],
      [-0.62666265363759643, 0.32744984485323009]],
 20: [[-0.61555269723706019, 0.32726744585400647],
      [-0.61612096148295992, 0.17753882333144175],
      [-0.31681933400392587, 0.17703148216014852],
      [-0.31631570858479136, 0.32689789173202283]],
 21: [[-0.30498768242183344, 0.32709211559629853],
      [-0.30545382516473368, 0.17722182938772127],
      [-0.0055262183242535236, 0.17666668742063502],
      [-0.0051497532684346408, 0.32659040068256051]],
 22: [[0.0062656437172269137, 0.32666429516759182],
      [0.0058358272986235834, 0.17673960675235398],
      [0.30575291231457896, 0.17593851947425895],
      [0.3060911775496401, 0.32580427220061747]],
 23: [[0.31762181068526635, 0.3257767472303128],
      [0.31731190487342575, 0.17590723764771593],
      [0.61657923082949362, 0.17503909134826262],
      [0.61682383392458418, 0.32475729854971652]],
 24: [[0.62801268463152204, 0.32470903978125226],
      [0.62777512121615964, 0.17499753847361008],
      [0.92622717146663414, 0.17410367050236911],
      [0.92650515091061458, 0.32366721440314888]],
 25: [[-1.080907885590376, 0.16329459202122754],
      [-1.0812769725861335, 0.013722267402831811],
      [-0.78281492184816115, 0.013174404677384989],
      [-0.78240677469695774, 0.16288745857902417]],
 26: [[-0.77109218348773412, 0.16304710591953839],
      [-0.77153935782481142, 0.013336022506021564],
      [-0.47266454440618161, 0.012721006658966442],
      [-0.4722324684063271, 0.16261825583752304]],
 27: [[-0.46085434526821589, 0.16245969657629547],
      [-0.46131141669251952, 0.012555581532072436],
      [-0.16159242006769226, 0.011881916007312605],
      [-0.16116632967277425, 0.16189241442980817]],
 28: [[-0.14962873817821881, 0.16200814095546656],
      [-0.14998102258246448, 0.011998500791550681],
      [0.1500644088356651, 0.011462390534469666],
      [0.15038579390286622, 0.16147265036960323]],
 29: [[0.16153183796215945, 0.16120575527817693],
      [0.16120138762185998, 0.011207926588418668],
      [0.46089231346183723, 0.01064190926903138],
      [0.46118947677671884, 0.1605240672114806]],
 30: [[0.4727638135958292, 0.16047371274774483],
      [0.47245272988857695, 0.010588938658497844],
      [0.77128243236585425, 0.0099886690236073734],
      [0.77158053454724862, 0.15968283725334934]],
# 31: [[1.080907885590376, 0.16329459202122754],
#      [1.0812769725861335, 0.013722267402831811],
#      [0.78281492184816115, 0.013174404677384989],
#      [0.78240677469695774, 0.16288745857902417]],
# Top half of CCD 31
 31: [[1.080907885590376, 0.16329459202122754],
      [1.0812769725861335, 0.07478616230919787],
      [0.78281492184816115, 0.0748565269508196],
      [0.78240677469695774, 0.16288745857902417]],
 32: [[-1.0814387166262027, -0.00095729634957476904],
      [-1.0818904231692548, -0.15053098565295023],
      [-0.78337004214235606, -0.1514139266995429],
      [-0.78296800824364632, -0.0017091486376906446]],
 33: [[-0.77164728022211482, -0.0015855344611188774],
      [-0.77199457677770267, -0.15129721673181143],
      [-0.47313024786510288, -0.1521388542379904],
      [-0.47277183278113483, -0.0022430834586511235]],
 34: [[-0.46145284114237201, -0.0022991110472016254],
      [-0.46175507329089377, -0.15219938807851777],
      [-0.16206249359175512, -0.15285060972710696],
      [-0.16173816998519114, -0.0028447451787994796]],
 35: [[-0.1503366350886034, -0.0028893487273140956],
      [-0.15069961414184246, -0.15289666321844467],
      [0.14931934728079099, -0.15350680371477099],
      [0.14970756088359291, -0.0035043565445660313]],
 36: [[0.16084660895398312, -0.0037197839501672525],
      [0.16056849886636695, -0.15372677041108174],
      [0.46024256730024971, -0.15399721105089353],
      [0.46054429232367788, -0.0041090713336336395]],
 37: [[0.4720265648369783, -0.00414408945366407],
      [0.47161671051683279, -0.15403033054041806],
      [0.77044535537969583, -0.1544473837386815],
      [0.77085956282795409, -0.0047517521837332826]],
 38: [[0.78230119009281385, -0.0048519285876578843],
      [0.78183724056269677, -0.15454468524731529],
      [1.0802613109347405, -0.1551074534031163],
      [1.0806786372187964, -0.005563695837911384]],
 39: [[-0.92690445188717763, -0.16581995866851537],
      [-0.92713847033063335, -0.3154084837634285],
      [-0.628583422073833, -0.31626819739213546],
      [-0.62839947895378301, -0.16653555023577019]],
 40: [[-0.61714267364411268, -0.16665241251536045],
      [-0.61733438281775899, -0.31637742188915996],
      [-0.31808440639992858, -0.31721805529952846],
      [-0.31783602372354636, -0.16734959994676962]],
 41: [[-0.30633723161342741, -0.16733547998418072],
      [-0.30658123891980127, -0.31720849480679641],
      [-0.0067302081780236615, -0.31782855206402932],
      [-0.0064027101463844018, -0.16790383561977881]],
 42: [[0.0050345270931093939, -0.16813510407606708],
      [0.0046739081474848967, -0.31805688630799828],
      [0.30451023735452754, -0.31851283695827903],
      [0.30495525252389172, -0.16864930516278212]],
 43: [[0.3163076641553213, -0.16870353889366574],
      [0.3158596121496553, -0.31856707963200354],
      [0.61508690991925352, -0.31883531133592957],
      [0.61558922729537757, -0.1691182825473366]],
 44: [[0.62680544885014022, -0.16919385584168567],
      [0.62629157237413191, -0.31891220378067764],
      [0.92479411363255148, -0.31917265350081681],
      [0.92527030622251005, -0.16960393970282647]],
 45: [[-0.92725737030910438, -0.33009576226996507],
      [-0.92746830113873902, -0.47964284358033843],
      [-0.62878552806361199, -0.48050447404996499],
      [-0.62868999462188824, -0.33091264560163525]],
 46: [[-0.6176268148108669, -0.33112190419426013],
      [-0.61772782737879128, -0.48071135880272886],
      [-0.31856336023876902, -0.48163807252695223],
      [-0.31837980785765019, -0.33193828076354565]],
 47: [[-0.30666849049689043, -0.33203599256822469],
      [-0.30695929791749338, -0.48172768386781595],
      [-0.0072594970535422567, -0.48259141230974556],
      [-0.0068343077777618935, -0.33285973518218276]],
 48: [[0.0042720467038136166, -0.33294566340698939],
      [0.0039546610594390248, -0.48268407060519558],
      [0.30364887441159594, -0.48300901581987749],
      [0.30410101091124503, -0.3333174221321103]],
 49: [[0.31578013231328655, -0.33331478286810173],
      [0.31525245279222008, -0.4830050083789833],
      [0.61439274163586866, -0.48320681712584829],
      [0.61500268535617431, -0.33362899571063792]],
 50: [[0.62627658388930552, -0.33356963470150031],
      [0.62568828206549088, -0.48315401115721701],
      [0.92431077925097804, -0.4833382334544955],
      [0.92479110954283905, -0.33381577428660453]],
 51: [[-0.77240965863138134, -0.49493988356563134],
      [-0.77263203030593852, -0.64440903150282347],
      [-0.47374908322362158, -0.64554652743423191],
      [-0.4735670581664928, -0.49609435796882678]],
# 52: [[-0.15966812729880486, -0.49769900766933101],
#      [-0.1591517175657555, -0.64718338808713338],
#      [-0.4584707321285616, -0.64751711108365861],
#      [-0.45912758820279587, -0.49807745239590412]],
52:  [[-0.46235347, -0.49602301],
      [-0.46244884, -0.64551869],
      [-0.16260084, -0.64645377],
      [-0.16228459, -0.49692481]],
 53: [[-0.15134267308393803, -0.49686100960300783],
      [-0.15164856166362331, -0.64635103945578076],
      [0.14793494667286552, -0.64698544001558689],
      [0.14842149684798833, -0.49750113242972099]],
 54: [[0.15966812729880486, -0.49769900766933101],
      [0.1591517175657555, -0.64718338808713338],
      [0.4584707321285616, -0.64751711108365861],
      [0.45912758820279587, -0.49807745239590412]],
 55: [[0.47041913753058689, -0.49793605429852361],
      [0.46980753299400468, -0.64737848216541483],
      [0.76863433704603279, -0.64750663709499146],
      [0.76921771768307423, -0.4980584377107321]],
 56: [[-0.61754971691092275, -0.65969423490720502],
      [-0.61775916819582444, -0.80906427094530242],
      [-0.31869217842653719, -0.81008061686918886],
      [-0.31846278722207766, -0.66080647475804477]],
 57: [[-0.30734062849214772, -0.66077156117217417],
      [-0.30753207342385008, -0.81004200964241457],
      [-0.0082007811172393093, -0.81080667701576192],
      [-0.0078296524474074994, -0.66155222500441568]],
 58: [[0.0036125981436012445, -0.66173038791217087],
      [0.0033204571169864242, -0.81099634497696316],
      [0.30264915798707887, -0.8112307972381233],
      [0.30311076278912275, -0.66195663835855623]],
 59: [[0.31437703264827249, -0.66204733532756999],
      [0.31386806670077044, -0.81132217060070833],
      [0.61288687701954114, -0.81145662307254196],
      [0.61342990780339635, -0.66209356377271167]],
 60: [[-0.46259313452006806, -0.82434825740800843],
      [-0.46291374969213489, -0.97370576366759876],
      [-0.16375962701154942, -0.97458041877189405],
      [-0.16339168969905915, -0.82539665979023569]],
 62: [[0.15868819258697092, -0.82595834473411223],
      [0.15818041448201781, -0.97514350068853606],
      [0.45731137056217025, -0.97568473900021224],
      [0.45786399461612898, -0.82634373342930445]]}